159
5
464
683
259
563
765
957
210
767
417
128
921
891
22
955
114
138
991
991
577
209
810
294
673
221
782
567
497
905
419
200
910
136
118
19
997
699
227
193
352
863
107
705
46
776
360
933
976
902
934
441
858
741
448
806
24
831
680
353
785
618
872
29
119
113
148
230
77
371
117
293
376
761
462
545
331
661
115
251
445
687
440
538
682
825
705
380
693
855
988
48
69
283
598
989
938
570
32
965
132
859
458
427
458
509
732
510
554
735
998
766
195
335
983
703
928
4
204
491
353
6
457
727
447
58
74
995
829
100
700
58
1
267
501
900
175
785
21
546
485
690
174
493
23
260
184
853
390
773
633
825
167
768
170
892
992
267
848
236
752
540
486
209
705
844
959
362
248
253
800
428
417
111
53
888
160
860
892
207
871
26
103
612
664
882
183
338
412
912
458
566
602
518
332
921
663
554
496
270
543
164
679
749
947
104
343
370
838
189
508
342
523
756
762
215
864
73
411
269
954
427
605
159
899
241
244
673
163
903
457
603
329
207
419
166
12
185
346
91
101
865
565
500
450
997
651
967
655
21
778
668
564
690
578
405
728
529
992
355
82
2
858
819
769
615
201
894
168
407
507
966
869
238
562
140
545
19
817
256
418
597
603
916
291
280
927
61
923
116
70
948
856
896
619
69
682
513
143
447
124
753
209
946
252
805
37
747
590
782
676
862
905
335
241
659
949
987
383
652
508
179
895
454
696
128
50
662
532
525
63
632
523
761
825
541
111
874
900
885
596
622
616
547
360
160
979
926
18
571
34
118
388
135
264
77
64
568
586
771
691
624
499
791
975
413
12
595
877
481
11
504
403
207
866
889
904
368
175
497
809
768
743
713
283
681
57
654
389
478
774
399
931
235
978
298
339
267
262
310
607
553
9
499
521
725
598
370
149
852
649
523
862
554
828
155
919
78
190
335
36
837
504
591
177
588
524
298
254
841
696
523
305
325
389
508
226
337
294
712
85
580
325
393
611
649
980
30
466
699
823
512
527
910
502
894
513
321
433
701
925
247
118
226
480
2
836
974
905
870
353
465
200
321
125
849
289
278
436
432
226
813
809
6
13
71
55
71
425
330
288
428
150
75
305
344
962
678
800
450
649
761
952
843
857
626
106
362
82
178
403
873
572
628
402
490
988
873
7
59
310
874
220
900
607
526
562
758
965
498
326
151
101
260
156
812
920
50
857
741
541
859
731
422
137
580
208
172
264
370
987
186
220
928
433
783
383
796
516
581
399
74
135
763
546
868
281
427
631
636
134
8
235
113
836
114
252
873
394
731
189
689
897
630
866
782
963
984
758
711
163
679
436
150
949
498
263
42
500
417
736
639
760
512
663
771
871
592
632
271
135
489
116
849
646
131
872
899
700
888
236
608
170
449
323
518
75
400
109
133
706
23
858
501
759
301
404
711
151
11
320
134
324
848
125
835
139
953
270
12
653
858
828
474
418
840
445
180
231
898
375
588
621
86
128
85
751
737
534
120
825
186
871
712
525
969
988
917
508
98
256
480
463
972
584
322
804
632
635
768
626
616
874
394
160
383
55
148
594
364
274
1
798
991
791
683
174
700
393
223
600
765
186
889
177
21
375
832
286
956
744
205
288
424
287
776
35
214
659
69
275
29
902
930
907
8
227
944
37
761
415
560
711
63
834
906
257
749
926
232
183
71
451
621
645
748
759
139
622
236
839
826
49
247
911
69
339
427
904
650
911
172
229
483
571
972
886
380
851
348
98
430
720
385
324
519
354
123
741
269
67
557
6
228
836
823
413
420
308
198
316
504
581
935
87
620
581
559
694
695
311
200
419
402
830
736
141
188
378
999
88
780
646
67
956
386
859
714
798
339
975
423
160
300
22
962
533
241
299
434
278
373
952
871
868
822
197
910
443
371
316
798
403
803
381
25
995
445
534
155
641
291
623
16
30
707
852
260
876
79
172
465
576
926
79
354
906
947
557
418
358
177
985
217
629
940
891
899
316
560
617
22
859
857
79
593
349
316
40
357
908
403
524
742
943
959
245
562
758
750
246
520
656
249
242
786
898
458
514
451
627
124
591
449
120
1000
387
627
565
925
858
987
871
339
790
784
906
523
772
70
948
307
997
500
68
176
73
675
621
734
654
74
21
245
308
701
497
566
730
844
584
82
83
17
683
438
3
4
160
715
518
110
76
427
987
191
847
161
914
744
838
950
405
381
110
475
884
289
378
47
604
875
458
872
455
630
403
503
527
421
